ICCS_year,COUNTRY,IDSTUD,TOTWGTS,obey,rights,local,work,envir,vote,history,respect,news,protest,discuss,party,female,books,edexp,ed_mom,ed_dad,id,id2
2009,LIE,10010101,1,0,0,0,0,0,0,0,0,0,0,0,0,0,3,2,NA,NA,174109,LIE10010101
2009,LIE,10010102,1,1,1,1,1,0,1,1,1,1,0,0,0,1,1,1,1,2,174110,LIE10010102
2009,LIE,10010103,1,1,0,0,0,0,0,1,1,0,1,0,0,1,1,0,0,2,174111,LIE10010103
2009,LIE,10010105,1,1,0,0,0,0,0,0,1,0,NA,0,0,1,1,0,0,2,174112,LIE10010105
2009,LIE,10010106,1,1,1,1,1,1,1,1,1,1,1,1,1,0,0,1,0,0,174113,LIE10010106
2009,LIE,10010108,1,0,1,0,0,0,0,0,0,0,0,1,0,1,1,1,0,1,174114,LIE10010108
2009,LIE,10010109,1,0,0,1,1,0,0,1,0,0,0,0,0,0,1,1,NA,1,174115,LIE10010109
2009,LIE,10010110,1,1,1,1,0,0,1,1,1,1,1,0,0,1,1,1,0,0,174116,LIE10010110
2009,LIE,10010111,1,0,1,0,1,0,1,1,1,0,1,0,1,0,1,1,1,2,174117,LIE10010111
2009,LIE,10010112,1,1,0,1,0,0,1,1,1,1,0,1,1,1,2,NA,0,0,174118,LIE10010112
2009,LIE,10010202,1.1666666667,1,1,0,1,1,1,1,1,1,1,0,1,1,1,1,1,1,174119,LIE10010202
2009,LIE,10010203,1,0,0,1,0,0,1,1,1,0,0,0,0,0,3,0,1,1,174120,LIE10010203
2009,LIE,10010204,1.1666666667,1,1,1,1,1,1,1,1,1,0,0,1,1,1,1,NA,0,174121,LIE10010204
2009,LIE,10010205,1,1,1,1,1,1,1,1,1,1,1,1,1,0,1,1,NA,NA,174122,LIE10010205
2009,LIE,10010206,1.1666666667,1,1,1,1,1,1,1,1,0,1,0,1,1,2,NA,1,1,174123,LIE10010206
2009,LIE,10010207,1,1,1,1,1,1,0,0,0,0,1,0,0,0,0,1,2,2,174124,LIE10010207
2009,LIE,10010208,1,1,1,0,1,1,1,1,1,0,0,0,0,0,1,1,NA,NA,174125,LIE10010208
2009,LIE,10010209,1.1666666667,1,1,1,0,1,1,1,1,1,0,1,1,1,1,1,1,1,174126,LIE10010209
2009,LIE,10010210,1,1,1,1,1,1,1,1,1,1,1,1,1,0,3,1,1,2,174127,LIE10010210
2009,LIE,10010211,1,1,1,1,1,1,1,1,1,1,1,0,0,0,1,0,0,0,174128,LIE10010211
2009,LIE,10010212,1.1666666667,1,1,1,1,1,0,1,0,0,1,0,0,1,0,1,1,1,174129,LIE10010212
2009,LIE,10010213,1,0,1,0,0,1,1,1,1,1,1,0,0,0,2,2,0,2,174130,LIE10010213
2009,LIE,10010214,1,1,1,1,1,1,0,1,0,0,1,0,0,0,1,1,0,0,174131,LIE10010214
2009,LIE,10010215,1.1666666667,1,1,0,1,1,1,1,1,1,1,0,1,1,2,1,1,1,174132,LIE10010215
2009,LIE,10010301,1,1,1,1,0,1,1,1,1,0,1,1,0,0,1,1,1,1,174133,LIE10010301
2009,LIE,10010302,1.125,1,1,1,1,1,1,1,1,0,0,1,1,1,1,NA,NA,2,174134,LIE10010302
2009,LIE,10010303,1.125,1,1,1,1,1,0,1,1,1,1,1,0,1,1,0,NA,0,174135,LIE10010303
2009,LIE,10010304,1.125,1,0,0,1,0,0,0,1,0,1,0,NA,1,0,0,NA,NA,174136,LIE10010304
2009,LIE,10010305,1.125,1,1,1,1,1,0,1,1,0,1,0,0,1,2,0,0,0,174137,LIE10010305
2009,LIE,10010307,1,0,0,0,0,1,1,1,0,0,0,0,1,0,1,0,0,0,174138,LIE10010307
2009,LIE,10010308,1.125,1,NA,NA,0,NA,NA,NA,NA,NA,NA,NA,NA,1,0,NA,NA,NA,174139,LIE10010308
2009,LIE,10010309,1.125,0,1,1,0,1,1,1,0,1,1,1,0,1,1,2,0,2,174140,LIE10010309
2009,LIE,10010310,1.125,1,1,1,1,1,1,0,0,0,0,1,1,1,1,NA,0,NA,174141,LIE10010310
2009,LIE,10010311,1,0,0,0,0,0,1,1,0,1,0,0,0,0,3,2,2,2,174142,LIE10010311
2009,LIE,10010312,1.125,1,0,0,0,1,0,1,1,0,0,0,0,NA,1,NA,0,NA,174143,LIE10010312
2009,LIE,10010313,1,1,0,0,0,0,1,0,1,0,0,0,0,0,2,0,NA,NA,174144,LIE10010313
2009,LIE,10010314,1,1,0,0,1,0,1,0,0,0,1,0,0,0,1,1,0,1,174145,LIE10010314
2009,LIE,10010315,1,1,0,0,0,0,1,1,1,1,0,0,1,0,1,0,0,0,174146,LIE10010315
2009,LIE,10020101,1,0,0,0,0,0,1,1,NA,1,0,0,1,0,0,0,1,1,174147,LIE10020101
2009,LIE,10020102,1,1,1,1,1,1,1,0,1,1,1,0,0,1,1,1,0,1,174148,LIE10020102
2009,LIE,10020103,1,1,1,1,1,1,1,1,1,1,0,0,1,0,1,1,1,NA,174149,LIE10020103
2009,LIE,10020104,1,1,1,1,1,1,1,1,NA,1,1,0,0,0,1,1,1,1,174150,LIE10020104
2009,LIE,10020105,1,0,0,1,1,0,1,1,1,1,0,1,1,NA,1,NA,1,1,174151,LIE10020105
2009,LIE,10020106,1,1,1,1,0,1,1,1,1,1,1,1,1,1,2,1,1,2,174152,LIE10020106
2009,LIE,10020107,1,1,0,0,1,1,1,1,0,1,0,0,1,1,1,1,2,0,174153,LIE10020107
2009,LIE,10020108,1,1,0,0,0,NA,1,1,1,0,0,0,1,0,1,1,1,1,174154,LIE10020108
2009,LIE,10020109,1,0,1,1,1,0,1,1,1,1,0,0,0,0,1,1,1,2,174155,LIE10020109
2009,LIE,10020110,1,1,1,1,1,0,1,1,1,0,0,0,0,0,1,1,0,0,174156,LIE10020110
2009,LIE,10020111,1,1,1,0,0,0,1,1,1,1,0,0,0,0,2,2,2,0,174157,LIE10020111
2009,LIE,10020112,1,1,1,0,1,1,1,1,1,1,0,0,0,1,1,1,1,1,174158,LIE10020112
2009,LIE,10020201,1,1,1,1,0,1,1,1,1,1,1,0,1,1,1,1,0,0,174159,LIE10020201
2009,LIE,10020202,1,1,1,1,1,1,1,1,1,1,0,NA,1,1,1,1,1,1,174160,LIE10020202
2009,LIE,10020203,1,1,1,1,1,1,1,1,1,1,1,1,1,0,1,1,0,0,174161,LIE10020203
2009,LIE,10020204,1,1,1,1,1,1,1,1,1,1,1,1,1,0,1,1,0,1,174162,LIE10020204
2009,LIE,10020205,1,1,1,1,1,0,1,1,1,1,1,1,1,1,3,1,1,2,174163,LIE10020205
2009,LIE,10020206,1,1,1,0,1,1,1,1,1,1,0,0,0,0,1,0,0,0,174164,LIE10020206
2009,LIE,10020207,1,1,1,1,0,1,1,1,1,0,1,0,0,0,1,0,0,0,174165,LIE10020207
2009,LIE,10030101,1,0,0,0,0,1,1,1,0,1,0,1,1,1,2,0,0,NA,174166,LIE10030101
2009,LIE,10030102,1,1,0,1,0,0,0,0,1,0,1,0,0,0,3,1,1,1,174167,LIE10030102
2009,LIE,10030103,1,1,0,1,0,0,1,0,0,0,1,1,1,0,1,2,1,1,174168,LIE10030103
2009,LIE,10030104,1,1,1,1,1,1,1,1,1,1,1,1,1,1,0,2,1,NA,174169,LIE10030104
2009,LIE,10030105,1,1,1,0,1,1,0,1,1,1,0,1,0,0,1,1,1,1,174170,LIE10030105
2009,LIE,10030107,1,1,1,1,1,1,1,1,1,0,1,1,0,0,1,1,0,0,174171,LIE10030107
2009,LIE,10030108,1,1,1,1,1,1,1,1,1,1,1,0,1,1,0,1,NA,NA,174172,LIE10030108
2009,LIE,10030202,1,0,1,1,1,0,1,1,1,0,0,0,0,0,1,1,1,1,174173,LIE10030202
2009,LIE,10030203,1,1,1,1,1,1,1,1,1,1,1,1,1,0,1,1,0,0,174174,LIE10030203
2009,LIE,10030204,1,1,1,1,1,0,1,0,1,1,0,0,0,0,2,1,1,0,174175,LIE10030204
2009,LIE,10030205,1.2,1,1,0,1,0,1,1,0,0,1,0,1,1,1,2,0,0,174176,LIE10030205
2009,LIE,10030206,1,1,1,0,1,1,1,1,0,0,0,0,1,0,1,0,0,0,174177,LIE10030206
2009,LIE,10030207,1,1,1,0,1,0,1,1,1,1,0,0,1,0,2,1,0,0,174178,LIE10030207
2009,LIE,10030208,1.2,1,0,0,1,1,0,1,1,1,1,0,0,1,2,2,0,2,174179,LIE10030208
2009,LIE,10030209,1,0,1,0,1,1,0,0,0,0,1,0,0,0,NA,1,0,NA,174180,LIE10030209
2009,LIE,10030210,1,1,1,0,1,1,1,1,1,0,1,0,1,0,2,1,0,1,174181,LIE10030210
2009,LIE,10030211,1,1,1,1,0,1,1,0,1,1,0,1,1,0,1,0,1,2,174182,LIE10030211
2009,LIE,10030212,1.2,1,1,1,1,1,1,1,1,1,1,1,0,1,1,1,1,1,174183,LIE10030212
2009,LIE,10030213,1.2,NA,NA,NA,NA,NA,NA,NA,NA,NA,NA,NA,NA,NA,NA,NA,NA,NA,174184,LIE10030213
2009,LIE,10030215,1,1,1,0,1,0,1,0,1,0,0,1,1,0,2,2,2,1,174185,LIE10030215
2009,LIE,10030216,1.2,1,1,1,0,0,1,1,1,1,0,0,0,1,1,0,0,0,174186,LIE10030216
2009,LIE,10030301,1,1,0,1,1,0,0,0,1,0,1,0,1,1,1,0,0,1,174187,LIE10030301
2009,LIE,10030302,1,1,1,1,0,1,1,1,1,1,1,1,0,0,1,0,1,0,174188,LIE10030302
2009,LIE,10030304,1,1,0,1,NA,1,1,1,1,1,0,0,0,1,1,1,1,1,174189,LIE10030304
2009,LIE,10030305,1,1,1,1,1,1,1,1,1,1,1,1,1,0,2,0,1,1,174190,LIE10030305
2009,LIE,10030306,1,1,0,0,0,0,1,1,1,1,0,0,1,0,3,0,1,1,174191,LIE10030306
2009,LIE,10030307,1,1,1,1,1,0,0,1,1,1,0,0,0,0,1,0,1,1,174192,LIE10030307
2009,LIE,10030308,1,1,1,0,1,1,0,0,1,0,0,0,0,1,2,0,0,0,174193,LIE10030308
2009,LIE,10030309,1,1,1,0,1,0,1,1,0,0,1,0,0,1,1,0,1,2,174194,LIE10030309
2009,LIE,10030311,1,0,1,1,0,1,1,1,1,1,0,1,1,0,3,1,1,1,174195,LIE10030311
2009,LIE,10030312,1,1,1,1,1,0,1,1,1,1,1,1,1,0,0,1,0,1,174196,LIE10030312
2009,LIE,10030313,1,1,1,1,1,1,1,0,1,0,0,0,0,0,1,1,1,1,174197,LIE10030313
2009,LIE,10030315,1,1,1,1,1,1,1,1,1,1,1,1,1,0,3,1,0,0,174198,LIE10030315
2009,LIE,10030316,1,1,0,1,1,0,1,1,1,1,0,1,0,0,1,1,1,1,174199,LIE10030316
2009,LIE,10040101,1,1,1,0,1,1,1,0,1,1,0,1,1,1,1,0,0,NA,174200,LIE10040101
2009,LIE,10040102,1,1,1,1,1,1,1,0,1,1,0,1,1,1,1,0,1,1,174201,LIE10040102
2009,LIE,10040103,1,0,1,1,0,1,1,0,0,1,1,0,1,0,NA,1,1,NA,174202,LIE10040103
2009,LIE,10040104,1,1,1,1,NA,1,0,0,0,1,1,0,0,0,1,0,1,1,174203,LIE10040104
2009,LIE,10040105,1,1,1,1,1,1,1,1,1,1,0,0,0,0,1,NA,1,1,174204,LIE10040105
2009,LIE,10040106,1,1,1,1,1,1,1,1,1,1,0,1,1,0,2,1,1,1,174205,LIE10040106
2009,LIE,10040107,1,1,0,0,1,0,1,1,1,1,0,0,0,0,3,NA,NA,NA,174206,LIE10040107
2009,LIE,10040108,1,1,1,1,1,1,0,1,1,1,1,0,0,1,2,2,1,2,174207,LIE10040108
2009,LIE,10040109,1,1,1,1,1,1,1,1,1,1,0,1,1,1,3,1,1,2,174208,LIE10040109
2009,LIE,10040110,1,1,1,1,1,1,1,1,1,1,1,0,0,1,1,1,0,0,174209,LIE10040110
2009,LIE,10040111,1,1,0,0,1,0,0,0,1,0,0,0,0,0,2,0,1,2,174210,LIE10040111
2009,LIE,10040112,1,1,0,0,1,0,1,0,1,0,0,0,0,1,1,NA,0,0,174211,LIE10040112
2009,LIE,10040113,1,1,1,1,1,1,0,0,0,1,0,0,0,1,2,0,1,1,174212,LIE10040113
2009,LIE,10040114,1,0,0,0,0,0,0,1,0,1,1,1,0,0,1,1,0,1,174213,LIE10040114
2009,LIE,10040115,1,1,0,0,0,0,1,0,1,1,1,0,0,1,3,NA,NA,NA,174214,LIE10040115
2009,LIE,10040116,1,1,0,0,1,0,1,1,1,0,0,0,1,1,2,1,1,2,174215,LIE10040116
2009,LIE,10040117,1,1,0,0,1,0,0,1,1,1,0,0,0,0,3,NA,1,1,174216,LIE10040117
2009,LIE,10040118,1,1,0,0,0,0,1,1,1,1,0,0,0,1,2,1,1,1,174217,LIE10040118
2009,LIE,10050101,1.1111111111,1,1,0,0,0,0,1,1,1,0,0,0,1,3,1,1,0,174218,LIE10050101
2009,LIE,10050102,1,1,1,1,1,1,1,1,1,1,1,0,1,0,1,1,0,0,174219,LIE10050102
2009,LIE,10050103,1,1,1,1,1,1,1,1,1,0,0,0,1,0,1,2,2,2,174220,LIE10050103
2009,LIE,10050104,1.1111111111,0,1,1,0,0,0,1,1,1,1,0,1,1,3,0,0,2,174221,LIE10050104
2009,LIE,10050105,1.1111111111,1,0,1,1,1,0,1,1,1,0,0,0,1,2,0,1,1,174222,LIE10050105
2009,LIE,10050107,1.1111111111,1,0,0,1,1,0,1,0,0,0,0,0,1,3,2,2,1,174223,LIE10050107
2009,LIE,10050108,1.1111111111,1,1,1,0,1,0,1,1,1,1,0,0,1,3,1,0,1,174224,LIE10050108
2009,LIE,10050109,1,1,1,1,0,1,0,1,1,0,0,0,1,0,2,0,2,0,174225,LIE10050109
2009,LIE,10050110,1,1,0,1,1,0,1,1,1,0,1,0,0,0,0,0,0,0,174226,LIE10050110
2009,LIE,10050111,1,1,1,1,1,1,1,1,0,1,1,0,0,0,0,1,1,1,174227,LIE10050111
2009,LIE,10050112,1,1,0,1,1,1,0,1,0,0,0,1,0,0,1,1,1,1,174228,LIE10050112
2009,LIE,10050113,1.1111111111,1,1,0,1,1,1,1,1,0,0,0,0,1,1,1,0,0,174229,LIE10050113
2009,LIE,10050115,1.1111111111,1,1,1,1,1,1,1,1,0,0,0,0,1,1,1,1,1,174230,LIE10050115
2009,LIE,10050116,1.1111111111,1,1,1,0,1,0,1,1,1,1,0,0,1,1,0,0,1,174231,LIE10050116
2009,LIE,10050117,1.1111111111,1,1,1,1,1,1,1,1,1,1,0,0,1,1,2,0,0,174232,LIE10050117
2009,LIE,10050118,1,0,1,1,1,1,1,1,1,1,0,0,1,0,1,2,1,1,174233,LIE10050118
2009,LIE,10050119,1,1,1,1,1,1,1,1,1,1,0,0,0,0,NA,1,0,1,174234,LIE10050119
2009,LIE,10050120,1,1,1,1,1,0,1,1,1,1,1,NA,1,0,1,NA,0,0,174235,LIE10050120
2009,LIE,10050201,1,1,1,0,1,0,0,0,1,1,1,0,0,0,1,0,0,0,174236,LIE10050201
2009,LIE,10050202,1,1,1,1,1,1,0,1,0,1,0,0,0,1,3,1,0,2,174237,LIE10050202
2009,LIE,10050203,1,0,0,0,0,0,1,0,1,0,0,0,1,1,1,0,1,1,174238,LIE10050203
2009,LIE,10050206,1,1,0,0,1,0,1,1,1,1,0,1,1,0,2,1,1,1,174239,LIE10050206
2009,LIE,10050207,1,1,1,1,1,1,1,1,0,1,1,1,1,1,0,0,0,0,174240,LIE10050207
2009,LIE,10050208,1,1,1,1,1,0,1,1,1,1,1,1,1,1,0,1,1,1,174241,LIE10050208
2009,LIE,10050209,1,1,1,1,1,1,1,1,1,1,0,1,1,1,3,1,1,1,174242,LIE10050209
2009,LIE,10050210,1,1,1,0,1,1,0,1,1,0,1,0,0,0,2,0,1,1,174243,LIE10050210
2009,LIE,10050211,1,1,1,1,0,1,1,0,1,1,0,0,0,1,1,1,0,0,174244,LIE10050211
2009,LIE,10050212,1,1,1,1,1,0,1,1,1,1,0,1,1,0,1,0,1,1,174245,LIE10050212
2009,LIE,10050213,1,1,0,0,0,0,1,1,0,1,0,0,0,1,3,1,1,2,174246,LIE10050213
2009,LIE,10050214,1,1,1,1,1,1,0,1,1,0,1,0,1,1,1,1,1,2,174247,LIE10050214
2009,LIE,10050215,1,1,1,1,0,1,1,1,1,1,1,0,0,1,1,1,1,2,174248,LIE10050215
2009,LIE,10050216,1,1,1,1,1,1,1,1,1,0,0,0,0,1,1,1,0,0,174249,LIE10050216
2009,LIE,10050217,1,0,1,1,0,1,0,1,0,0,1,0,0,0,1,1,1,1,174250,LIE10050217
2009,LIE,10050218,1,1,1,0,0,1,1,1,1,1,1,0,0,0,0,2,0,NA,174251,LIE10050218
2009,LIE,10050219,1,1,1,1,0,1,0,1,0,0,1,0,0,0,2,1,1,1,174252,LIE10050219
2009,LIE,10060101,1,1,1,1,1,1,1,1,1,1,1,1,0,1,2,2,0,0,174253,LIE10060101
2009,LIE,10060102,1,1,1,0,0,1,0,1,1,1,0,0,0,1,3,2,2,2,174254,LIE10060102
2009,LIE,10060103,1,1,1,1,1,1,1,0,1,0,0,0,0,1,3,1,1,1,174255,LIE10060103
2009,LIE,10060104,1,1,1,1,1,1,1,1,1,1,0,0,0,1,2,1,1,2,174256,LIE10060104
2009,LIE,10060105,1,1,1,1,1,1,1,1,0,1,1,0,1,1,2,0,2,1,174257,LIE10060105
2009,LIE,10060106,1,1,0,0,1,0,1,1,1,0,1,0,0,0,1,1,0,0,174258,LIE10060106
2009,LIE,10060107,1,1,1,1,1,1,1,0,1,1,1,1,0,0,1,1,0,1,174259,LIE10060107
2009,LIE,10060108,1,1,0,0,1,0,1,1,1,1,0,0,1,0,3,1,1,2,174260,LIE10060108
2009,LIE,10060109,1,1,1,1,1,1,1,1,1,1,1,1,1,0,1,1,1,1,174261,LIE10060109
2009,LIE,10060110,1,1,0,0,0,0,0,1,1,0,0,0,0,1,3,1,1,2,174262,LIE10060110
2009,LIE,10060111,1,1,1,0,0,0,0,0,1,0,0,0,0,1,1,1,1,NA,174263,LIE10060111
2009,LIE,10060112,1,1,1,1,0,0,0,1,1,0,1,1,0,0,2,1,1,1,174264,LIE10060112
2009,LIE,10060201,1,1,1,1,1,1,1,0,1,0,1,1,1,1,1,2,0,0,174265,LIE10060201
2009,LIE,10060202,1,1,1,1,0,1,1,1,0,1,1,1,0,1,2,1,1,1,174266,LIE10060202
2009,LIE,10060203,1,1,1,0,0,0,1,0,1,0,0,1,1,1,1,2,0,0,174267,LIE10060203
2009,LIE,10060205,1,1,1,1,0,1,1,1,1,0,0,0,0,1,2,1,1,1,174268,LIE10060205
2009,LIE,10060206,1.25,1,1,1,0,1,0,0,1,0,0,0,0,0,1,1,0,0,174269,LIE10060206
2009,LIE,10060207,1,1,0,0,0,1,0,1,NA,0,0,0,0,1,NA,1,0,1,174270,LIE10060207
2009,LIE,10060208,1.25,1,1,1,0,1,0,0,1,0,1,0,0,0,2,0,0,0,174271,LIE10060208
2009,LIE,10060209,1,1,0,0,0,1,1,1,1,1,1,1,1,1,1,1,1,1,174272,LIE10060209
2009,LIE,10060210,1.25,1,0,1,1,1,1,0,0,0,1,0,1,0,1,2,0,0,174273,LIE10060210
2009,LIE,10060211,1,1,1,0,1,0,1,1,1,0,0,0,0,1,2,1,1,1,174274,LIE10060211
2009,LIE,10060212,1.25,1,0,0,1,0,1,0,1,0,0,1,1,0,2,1,1,0,174275,LIE10060212
2009,LIE,10070101,1,1,0,1,1,0,1,0,1,1,0,1,0,0,0,1,1,1,174276,LIE10070101
2009,LIE,10070102,1,1,0,1,1,1,0,1,0,0,0,0,0,0,1,2,0,0,174277,LIE10070102
2009,LIE,10070103,1,1,1,1,0,1,1,1,1,1,0,0,0,1,2,2,1,1,174278,LIE10070103
2009,LIE,10070104,1,1,1,1,0,0,0,1,1,1,0,0,0,0,2,1,1,2,174279,LIE10070104
2009,LIE,10070105,1,1,1,1,NA,1,1,0,1,1,NA,0,1,1,1,0,0,0,174280,LIE10070105
2009,LIE,10070106,1,1,1,1,1,1,1,1,0,1,1,0,1,0,2,2,0,1,174281,LIE10070106
2009,LIE,10070107,1,1,1,1,1,1,0,1,0,0,1,0,0,1,3,0,1,2,174282,LIE10070107
2009,LIE,10070108,1,0,0,0,1,1,1,0,1,1,0,0,0,0,3,1,1,1,174283,LIE10070108
2009,LIE,10070109,1,1,0,0,1,0,1,1,1,0,1,0,0,0,2,NA,1,1,174284,LIE10070109
2009,LIE,10070110,1,1,0,1,1,1,0,1,1,1,1,0,0,0,0,0,0,0,174285,LIE10070110
2009,LIE,10070111,1,0,1,1,1,1,0,1,1,0,0,0,0,0,1,1,1,1,174286,LIE10070111
2009,LIE,10070112,1,1,1,0,0,0,0,1,NA,0,0,0,0,0,1,2,1,0,174287,LIE10070112
2009,LIE,10070113,1,1,1,1,0,1,1,0,0,0,0,0,0,1,3,1,2,2,174288,LIE10070113
2009,LIE,10070114,1,1,1,1,NA,NA,0,NA,1,NA,0,0,0,1,1,0,0,1,174289,LIE10070114
2009,LIE,10070115,1,1,1,1,1,1,1,1,0,1,1,1,0,0,2,1,1,1,174290,LIE10070115
2009,LIE,10070201,1,1,1,0,1,1,1,1,1,1,1,0,1,1,1,0,0,NA,174291,LIE10070201
2009,LIE,10070202,1,1,1,1,1,1,1,1,1,1,1,1,1,0,1,NA,1,2,174292,LIE10070202
2009,LIE,10070203,1,1,1,1,1,1,1,1,0,0,0,0,0,0,3,0,2,0,174293,LIE10070203
2009,LIE,10070204,1,1,0,1,0,0,1,1,1,1,0,0,0,0,3,NA,1,1,174294,LIE10070204
2009,LIE,10070205,1,1,1,1,1,1,0,1,1,0,0,0,0,1,1,1,NA,NA,174295,LIE10070205
2009,LIE,10070206,1,1,1,1,1,1,1,1,1,0,0,1,1,0,2,1,1,1,174296,LIE10070206
2009,LIE,10070207,1,1,0,1,1,0,1,0,0,0,0,0,1,0,0,2,2,1,174297,LIE10070207
2009,LIE,10070208,1,1,1,0,1,1,1,1,1,1,1,0,0,0,1,0,0,1,174298,LIE10070208
2009,LIE,10070209,1,1,1,1,0,1,1,0,1,1,1,1,0,1,1,NA,0,NA,174299,LIE10070209
2009,LIE,10070210,1,0,1,1,1,1,0,1,0,0,0,0,0,0,3,0,2,2,174300,LIE10070210
2009,LIE,10070211,1,1,1,0,1,1,1,1,1,0,1,0,0,0,3,1,1,1,174301,LIE10070211
2009,LIE,10070212,1,1,1,1,1,1,1,1,1,1,1,1,1,0,1,1,1,2,174302,LIE10070212
2009,LIE,10070213,1,1,1,1,1,1,1,1,1,1,1,0,0,0,2,NA,1,1,174303,LIE10070213
2009,LIE,10070214,1,1,0,0,1,0,0,0,0,1,0,1,0,0,2,NA,1,NA,174304,LIE10070214
2009,LIE,10080101,1,1,0,0,0,0,1,1,0,1,0,0,0,1,1,1,1,1,174305,LIE10080101
2009,LIE,10080102,1,1,1,0,1,1,1,1,0,0,0,0,0,1,0,1,0,0,174306,LIE10080102
2009,LIE,10080103,1,1,1,1,0,1,1,1,0,0,0,0,1,1,1,1,1,1,174307,LIE10080103
2009,LIE,10080104,1,1,1,1,1,0,1,1,1,1,0,0,1,0,2,0,1,1,174308,LIE10080104
2009,LIE,10080105,1,0,1,1,1,1,1,0,0,0,0,0,0,1,0,1,NA,NA,174309,LIE10080105
2009,LIE,10080106,1,0,0,1,1,0,0,0,0,0,0,0,0,1,3,1,0,1,174310,LIE10080106
2009,LIE,10080107,1,1,1,1,0,1,1,1,1,1,0,1,1,0,1,1,1,1,174311,LIE10080107
2009,LIE,10080108,1,1,0,0,1,0,0,1,1,0,0,0,0,1,1,1,0,1,174312,LIE10080108
2009,LIE,10080109,1,1,1,1,1,1,1,1,1,1,1,1,1,0,2,1,1,1,174313,LIE10080109
2009,LIE,10080110,1,0,1,1,1,1,0,1,1,0,1,0,0,0,3,0,0,0,174314,LIE10080110
2009,LIE,10080111,1,NA,NA,NA,NA,NA,1,1,1,0,NA,NA,NA,1,1,2,1,NA,174315,LIE10080111
2009,LIE,10080112,1,1,0,0,0,0,1,1,1,1,0,0,0,0,2,1,0,2,174316,LIE10080112
2009,LIE,10080113,1,1,1,1,1,1,1,1,1,1,1,1,1,0,2,1,2,2,174317,LIE10080113
2009,LIE,10080114,1,1,0,0,0,0,1,1,1,1,0,0,0,0,1,1,1,1,174318,LIE10080114
2009,LIE,10080115,1,1,1,1,1,1,1,1,1,1,1,0,1,0,3,1,1,1,174319,LIE10080115
2009,LIE,10080116,1,1,0,1,0,1,1,0,0,0,0,1,0,0,1,0,NA,NA,174320,LIE10080116
2009,LIE,10080117,1,1,1,1,0,1,1,1,1,1,1,1,1,0,1,1,2,1,174321,LIE10080117
2009,LIE,10080118,1,1,1,1,1,1,1,1,1,0,1,0,0,1,2,0,0,0,174322,LIE10080118
2009,LIE,10080119,1,1,1,1,0,1,1,1,0,0,1,NA,0,0,1,1,0,1,174323,LIE10080119
2009,LIE,10080202,1,0,1,1,1,1,0,1,1,1,1,0,0,0,1,1,1,1,174324,LIE10080202
2009,LIE,10080203,1,1,0,1,1,0,1,1,0,1,0,1,0,0,3,2,2,2,174325,LIE10080203
2009,LIE,10080204,1,1,1,1,0,1,1,1,1,1,0,0,0,0,3,0,1,0,174326,LIE10080204
2009,LIE,10080205,1,1,1,1,0,1,1,1,1,0,1,1,1,0,2,0,NA,NA,174327,LIE10080205
2009,LIE,10080206,1,1,1,1,1,1,1,1,1,1,1,1,0,NA,NA,2,0,0,174328,LIE10080206
2009,LIE,10080207,1,1,1,1,1,1,1,1,1,0,1,0,0,0,1,1,0,0,174329,LIE10080207
2009,LIE,10080208,1,1,0,1,1,1,0,0,0,0,0,0,0,0,1,2,1,0,174330,LIE10080208
2009,LIE,10080209,1,0,1,1,0,1,0,1,1,0,0,1,0,0,1,2,2,2,174331,LIE10080209
2009,LIE,10080210,1,1,1,1,0,1,1,1,1,1,0,1,0,1,1,1,1,2,174332,LIE10080210
2009,LIE,10080211,1,1,1,1,1,1,1,1,1,0,1,0,0,0,3,1,NA,2,174333,LIE10080211
2009,LIE,10080212,1,1,1,1,0,0,1,0,1,1,1,1,1,0,1,2,0,2,174334,LIE10080212
2009,LIE,10080213,1,1,0,1,0,1,1,1,1,1,0,0,1,0,2,1,1,2,174335,LIE10080213
2009,LIE,10080214,1,1,0,1,0,1,0,1,1,0,0,0,0,1,3,1,1,1,174336,LIE10080214
2009,LIE,10080215,1,1,1,1,0,1,1,1,1,1,0,1,0,0,3,0,2,2,174337,LIE10080215
2009,LIE,10080301,1,1,0,0,0,0,1,1,1,1,0,0,1,1,2,1,1,1,174338,LIE10080301
2009,LIE,10080302,1,0,1,0,0,1,1,1,1,1,1,1,0,1,3,1,1,1,174339,LIE10080302
2009,LIE,10080303,1,1,1,1,0,1,1,1,0,0,0,0,1,1,1,1,1,1,174340,LIE10080303
2009,LIE,10080304,1,1,1,1,1,1,1,1,1,1,1,1,1,1,3,1,1,1,174341,LIE10080304
2009,LIE,10080305,1,1,1,1,1,1,1,1,1,1,1,1,1,0,3,0,2,0,174342,LIE10080305
2009,LIE,10080306,1,1,0,1,1,0,0,0,1,0,0,0,0,1,1,1,0,0,174343,LIE10080306
2009,LIE,10080307,1,1,0,0,1,0,1,0,1,1,0,0,0,0,1,2,0,0,174344,LIE10080307
2009,LIE,10080308,1,1,1,1,1,1,1,0,1,1,1,1,1,0,3,1,1,2,174345,LIE10080308
2009,LIE,10080309,1,1,1,1,1,1,1,1,1,1,0,0,1,1,1,1,1,1,174346,LIE10080309
2009,LIE,10080310,1,1,0,0,0,0,1,1,0,1,0,0,1,1,2,1,1,2,174347,LIE10080310
2009,LIE,10080311,1,1,1,1,1,1,1,0,1,1,1,1,1,0,3,1,1,2,174348,LIE10080311
2009,LIE,10080312,1,0,0,1,1,0,0,0,0,0,0,0,0,1,1,1,0,0,174349,LIE10080312
2009,LIE,10080313,1,1,0,1,1,0,0,1,1,0,0,0,0,0,1,0,0,0,174350,LIE10080313
2009,LIE,10080314,1,1,1,1,1,1,1,1,0,1,1,1,0,0,1,1,1,2,174351,LIE10080314
2009,LIE,10090101,1,1,1,0,1,1,1,0,0,0,1,0,0,0,1,1,1,2,174352,LIE10090101
2009,LIE,10090102,1,1,1,1,0,1,0,1,1,1,1,0,0,1,3,2,1,2,174353,LIE10090102
2009,LIE,10090103,1,1,1,1,0,1,1,1,0,0,1,0,0,0,3,1,0,1,174354,LIE10090103
2009,LIE,10090104,1,1,1,1,1,1,1,1,1,1,0,0,0,1,2,NA,2,2,174355,LIE10090104
2009,LIE,10090105,1,1,1,1,0,1,1,1,1,1,1,0,0,0,2,1,0,0,174356,LIE10090105
2009,LIE,10090106,1,1,1,1,1,1,1,1,1,1,1,0,0,1,3,2,1,1,174357,LIE10090106
2009,LIE,10090107,1,1,1,0,0,1,0,1,1,1,0,1,1,1,2,1,1,2,174358,LIE10090107
2009,LIE,10090108,1,1,1,1,1,1,1,1,1,1,1,0,0,0,3,NA,NA,NA,174359,LIE10090108
2009,LIE,10090109,1,1,1,1,1,1,0,1,0,1,1,1,0,0,1,2,0,2,174360,LIE10090109
2009,LIE,10090110,1,1,1,1,0,1,1,1,1,1,1,1,1,1,2,0,0,0,174361,LIE10090110
2009,LIE,10090111,1,1,1,0,0,0,0,0,0,1,0,0,0,1,1,2,0,2,174362,LIE10090111
2009,LIE,10090112,1,1,1,1,1,1,1,1,1,1,0,1,1,0,2,2,1,1,174363,LIE10090112
2009,LIE,10090113,1,1,1,1,1,1,1,1,1,1,1,0,0,0,3,2,1,0,174364,LIE10090113
2009,LIE,10090114,1,1,1,1,1,1,1,1,1,1,0,1,0,1,1,2,1,1,174365,LIE10090114
2009,LIE,10090115,1,0,0,0,1,0,0,1,1,1,0,0,0,0,2,1,1,1,174366,LIE10090115
2009,LIE,10090116,1,1,1,1,1,1,0,0,1,1,1,0,0,1,3,1,1,1,174367,LIE10090116
2009,LIE,10090117,1,0,0,0,0,0,0,0,0,0,0,0,0,0,2,0,0,2,174368,LIE10090117
2009,LIE,10090118,1,1,0,1,0,0,0,0,1,1,0,0,0,1,1,2,1,1,174369,LIE10090118
2009,LIE,10090119,1,1,1,0,0,1,0,0,1,0,1,0,0,1,2,2,1,1,174370,LIE10090119
2009,LIE,10090120,1,1,1,0,1,1,1,0,1,1,1,0,1,1,1,2,0,1,174371,LIE10090120
2009,LIE,10090121,1,1,1,1,0,1,0,1,1,0,0,0,0,0,3,1,1,2,174372,LIE10090121
2009,LIE,10090122,1,1,1,0,1,1,1,1,1,1,0,0,0,1,3,2,2,2,174373,LIE10090122
2009,LIE,10090123,1,1,1,1,1,1,1,1,1,1,0,0,0,1,2,2,2,2,174374,LIE10090123
2009,LIE,10090201,1,1,0,1,0,0,1,1,1,1,0,0,1,0,1,2,1,2,174375,LIE10090201
2009,LIE,10090202,1,1,0,0,1,0,1,0,1,1,0,1,1,0,2,1,2,2,174376,LIE10090202
2009,LIE,10090203,1,1,1,1,1,0,0,1,1,0,0,0,0,0,1,1,0,0,174377,LIE10090203
2009,LIE,10090204,1.0769230769,1,1,1,0,1,1,0,0,1,1,1,0,1,3,1,1,1,174378,LIE10090204
2009,LIE,10090205,1,1,1,1,1,1,1,1,1,0,1,0,0,0,3,2,0,2,174379,LIE10090205
2009,LIE,10090206,1.0769230769,1,1,1,1,1,1,1,1,1,1,1,0,1,3,1,1,1,174380,LIE10090206
2009,LIE,10090207,1.0769230769,1,1,0,0,0,1,1,1,0,1,1,0,1,1,2,0,1,174381,LIE10090207
2009,LIE,10090209,1.0769230769,1,1,1,1,1,0,1,0,0,0,0,0,1,1,1,1,2,174382,LIE10090209
2009,LIE,10090210,1.0769230769,1,1,1,0,0,1,0,0,1,0,0,0,1,1,1,1,2,174383,LIE10090210
2009,LIE,10090211,1.0769230769,1,0,0,0,0,0,1,1,1,0,0,0,1,2,1,1,1,174384,LIE10090211
2009,LIE,10090212,1,1,1,1,1,1,0,0,1,1,0,1,0,0,2,1,1,1,174385,LIE10090212
2009,LIE,10090213,1.0769230769,1,1,1,0,1,1,1,1,1,1,1,0,1,2,1,0,1,174386,LIE10090213
2009,LIE,10090214,1.0769230769,1,0,0,0,0,1,1,0,0,0,0,0,1,3,NA,1,1,174387,LIE10090214
2009,LIE,10090215,1,1,1,1,1,1,0,1,0,1,1,0,1,0,2,2,1,1,174388,LIE10090215
2009,LIE,10090216,1.0769230769,1,0,0,0,0,1,1,1,1,0,0,0,1,2,2,2,1,174389,LIE10090216
2009,LIE,10090217,1.0769230769,1,1,1,1,0,1,1,1,1,0,1,0,1,3,1,2,1,174390,LIE10090217
2009,LIE,10090218,1,1,1,1,1,1,1,1,0,1,0,1,0,0,1,1,2,2,174391,LIE10090218
2009,LIE,10090219,1,1,1,1,1,0,1,1,1,1,0,0,0,0,2,2,2,2,174392,LIE10090219
2009,LIE,10090220,1,0,0,0,1,1,1,1,1,1,0,0,0,0,3,1,0,1,174393,LIE10090220
2009,LIE,10090221,1.0769230769,1,1,0,0,1,1,1,1,1,1,0,0,1,2,1,1,1,174394,LIE10090221
2009,LIE,10090222,1.0769230769,1,1,1,1,1,1,0,1,1,1,0,0,1,1,1,1,1,174395,LIE10090222
2009,LIE,10090223,1.0769230769,1,1,0,1,1,1,1,0,0,0,0,0,1,1,2,2,1,174396,LIE10090223
2009,LIE,10090224,1,1,0,0,0,0,1,0,1,0,1,0,0,0,2,1,1,1,174397,LIE10090224
2009,LIE,10090301,1,1,1,1,0,1,0,1,1,1,1,0,0,1,0,2,0,1,174398,LIE10090301
2009,LIE,10090302,1,1,NA,1,0,0,1,1,1,0,0,0,1,1,1,2,1,0,174399,LIE10090302
2009,LIE,10090303,1,1,1,1,1,1,0,1,1,1,0,1,1,1,3,2,2,1,174400,LIE10090303
2009,LIE,10090304,1,1,1,1,0,1,0,1,1,1,0,0,0,0,3,2,1,1,174401,LIE10090304
2009,LIE,10090305,1,1,0,0,1,0,1,0,1,1,1,0,0,1,1,1,0,0,174402,LIE10090305
2009,LIE,10090306,1,1,0,0,0,1,1,1,1,1,1,0,0,0,1,2,1,2,174403,LIE10090306
2009,LIE,10090307,1,1,0,0,1,0,1,1,1,1,0,0,0,0,3,2,2,2,174404,LIE10090307
2009,LIE,10090308,1,1,1,0,1,1,1,1,1,1,1,0,0,1,3,1,1,2,174405,LIE10090308
2009,LIE,10090309,1,1,1,1,1,1,1,1,1,1,1,1,0,0,3,2,2,2,174406,LIE10090309
2009,LIE,10090310,1,0,1,1,0,1,1,1,1,1,0,1,0,0,3,2,1,1,174407,LIE10090310
2009,LIE,10090311,1,1,1,1,0,0,1,1,1,1,0,0,0,0,3,2,2,2,174408,LIE10090311
2009,LIE,10090312,1,1,1,1,1,1,1,1,1,1,1,0,0,0,3,2,2,2,174409,LIE10090312
2009,LIE,10090313,1,1,0,1,1,0,0,1,1,1,1,1,0,1,3,1,2,2,174410,LIE10090313
2009,LIE,10090315,1,1,1,1,0,1,0,1,1,0,1,0,0,1,2,2,1,1,174411,LIE10090315
2009,LIE,10090316,1,1,0,1,1,0,0,1,1,1,0,0,0,0,1,2,1,1,174412,LIE10090316
2009,LIE,10090317,1,1,0,1,NA,0,1,1,1,1,0,0,1,0,2,NA,0,0,174413,LIE10090317
2009,LIE,10090318,1,1,0,1,1,0,0,1,1,1,0,0,0,1,1,1,0,0,174414,LIE10090318
2009,LIE,10090319,1,1,1,1,1,1,1,1,1,1,1,1,0,1,3,2,1,2,174415,LIE10090319
2009,LIE,10090320,1,1,1,1,1,1,1,1,1,1,1,0,0,1,3,2,1,2,174416,LIE10090320
2009,LIE,10090321,1,1,1,1,1,1,0,1,1,1,0,0,0,1,1,2,0,0,174417,LIE10090321
2009,LIE,10090322,1,1,0,1,0,1,0,1,1,1,1,0,1,1,3,2,1,1,174418,LIE10090322
2009,LIE,10090323,1,1,0,1,0,0,0,1,1,1,0,0,0,0,3,2,2,2,174419,LIE10090323
2009,LIE,10090401,1.1666666667,1,1,0,1,0,1,1,1,1,1,0,0,1,3,2,2,2,174420,LIE10090401
2009,LIE,10090402,1,1,0,0,1,0,1,1,1,0,0,0,0,0,1,2,1,2,174421,LIE10090402
2009,LIE,10090403,1,1,1,1,1,1,1,1,1,1,1,1,0,0,3,2,0,2,174422,LIE10090403
2009,LIE,10090405,1.1666666667,1,1,1,0,1,0,0,1,1,1,0,0,1,1,2,1,1,174423,LIE10090405
2009,LIE,10090406,1,1,1,1,1,1,1,0,1,1,1,1,0,0,1,2,2,2,174424,LIE10090406
2009,LIE,10090407,1.1666666667,1,1,1,1,1,0,1,0,0,0,0,0,1,3,1,1,1,174425,LIE10090407
2009,LIE,10090408,1.1666666667,1,1,0,1,1,0,1,1,1,0,0,0,1,3,2,1,2,174426,LIE10090408
2009,LIE,10090409,1,1,1,1,0,1,1,1,1,1,0,1,0,0,2,2,1,2,174427,LIE10090409
2009,LIE,10090410,1.1666666667,1,0,0,1,0,0,1,1,1,0,0,0,1,3,2,1,1,174428,LIE10090410
2009,LIE,10090411,1.1666666667,1,1,1,0,1,1,0,1,1,0,1,0,1,3,2,2,2,174429,LIE10090411
2009,LIE,10090412,1,1,1,1,0,1,0,1,0,0,1,0,0,0,3,1,0,2,174430,LIE10090412
2009,LIE,10090413,1.1666666667,1,1,1,0,1,0,0,1,1,1,0,0,1,1,2,2,2,174431,LIE10090413
2009,LIE,10090414,1.1666666667,1,1,1,1,0,0,1,1,1,0,0,0,1,1,2,1,2,174432,LIE10090414
2009,LIE,10090415,1.1666666667,1,1,0,1,1,1,1,1,1,1,0,0,1,1,2,1,1,174433,LIE10090415
2009,LIE,10090416,1,1,0,0,1,0,1,0,1,1,0,0,0,0,3,2,2,2,174434,LIE10090416
2009,LIE,10090417,1,0,1,1,0,1,1,0,0,0,1,0,0,0,2,2,1,2,174435,LIE10090417
2009,LIE,10090418,1.1666666667,1,1,1,0,1,1,0,1,1,1,0,1,1,3,2,2,1,174436,LIE10090418
2009,LIE,10090419,1,1,1,1,0,NA,1,1,1,1,0,0,1,0,3,2,2,2,174437,LIE10090419
2009,LIE,10090420,1.1666666667,1,1,1,0,1,1,1,0,0,0,0,0,1,1,2,1,1,174438,LIE10090420
2009,LIE,10090421,1.1666666667,0,1,0,0,0,0,0,0,1,0,0,0,1,1,1,0,2,174439,LIE10090421
2009,LIE,10090422,1,1,1,1,1,1,0,1,1,1,0,0,0,0,3,2,2,2,174440,LIE10090422
2009,LIE,10090424,1,1,1,1,1,1,0,1,1,1,1,1,0,0,3,2,2,0,174441,LIE10090424
2009,LIE,10090501,1,1,0,1,1,0,1,1,1,1,0,1,1,1,2,1,1,1,174442,LIE10090501
2009,LIE,10090502,1,1,1,1,0,1,0,1,1,1,0,0,1,1,2,2,1,1,174443,LIE10090502
2009,LIE,10090503,1,1,1,1,0,0,0,1,0,1,1,1,1,1,0,2,0,0,174444,LIE10090503
2009,LIE,10090504,1,1,0,0,1,0,1,1,0,1,0,0,1,1,3,2,1,2,174445,LIE10090504
2009,LIE,10090505,1,1,1,1,1,1,1,1,1,1,0,0,0,1,3,2,1,2,174446,LIE10090505
2009,LIE,10090506,1,1,1,0,1,1,0,0,0,0,0,0,0,0,2,2,1,1,174447,LIE10090506
2009,LIE,10090507,1,1,1,1,1,1,1,1,1,1,0,1,1,0,0,1,0,0,174448,LIE10090507
2009,LIE,10090508,1,0,1,1,0,0,0,0,1,1,0,0,0,1,3,2,1,2,174449,LIE10090508
2009,LIE,10090509,1,1,0,1,1,0,1,1,1,0,0,0,1,0,3,2,1,1,174450,LIE10090509
2009,LIE,10090510,1,1,1,1,1,0,1,0,1,1,1,0,0,1,3,1,1,0,174451,LIE10090510
2009,LIE,10090511,1,1,1,1,0,1,0,1,1,1,1,1,0,1,2,2,0,0,174452,LIE10090511
2009,LIE,10090512,1,1,0,0,1,1,0,1,0,0,0,0,0,0,1,1,0,0,174453,LIE10090512
2009,LIE,10090513,1,1,1,1,1,1,1,1,1,1,0,0,0,1,2,1,0,0,174454,LIE10090513
2009,LIE,10090514,1,1,1,1,1,1,1,1,1,1,1,0,0,1,1,1,1,1,174455,LIE10090514
2009,LIE,10090515,1,1,0,0,1,0,1,1,1,1,0,0,0,1,1,2,1,1,174456,LIE10090515
2009,LIE,10090516,1,0,1,1,0,0,1,0,1,1,1,1,0,1,3,2,1,1,174457,LIE10090516
2009,LIE,10090517,1,1,1,1,0,1,0,0,1,0,0,0,0,0,2,2,0,0,174458,LIE10090517
2009,LIE,10090518,1,1,1,1,1,0,1,0,1,1,0,0,1,1,2,2,1,1,174459,LIE10090518
2009,LIE,10090519,1,1,1,0,1,1,0,1,1,1,1,0,0,0,3,1,1,0,174460,LIE10090519
2009,LIE,10090520,1,0,1,1,0,1,1,0,1,0,1,1,0,0,3,0,2,2,174461,LIE10090520
2009,LIE,10090521,1,1,0,1,1,1,1,0,1,0,0,0,1,1,3,1,2,2,174462,LIE10090521
2009,LIE,10090522,1,1,1,1,0,1,1,0,0,0,1,0,0,1,2,1,1,1,174463,LIE10090522
2009,LIE,10090523,1,1,0,0,1,1,1,1,1,1,0,0,1,1,1,1,1,1,174464,LIE10090523
2009,LIE,10090524,1,1,0,0,1,0,0,0,1,0,1,0,0,0,3,NA,NA,NA,174465,LIE10090524
